
O R D E R S  S T I L L  I N  C R E D I T


CUT #    CUST #   AMC  #   ORDERD   SHIPPD   BILLED
______   ______   ______   ______   ______   ______

029192   109051   000000   150930   000000   000000
031622   113468   000000   151030   000000   000000
031659   114120   000000   151030   000000   000000
031420   122295   000000   151028   000000   000000
031874   127150   000000   151103   000000   000000
030075   131696   000000   151012   000000   000000
031846   133939   000000   151103   000000   000000
031847   133939   000000   151103   000000   000000
031392   134132   000000   151028   000000   000000
031426   134871   000000   151028   000000   000000
031873   135181   000000   151103   000000   000000
031414   135974   000000   151028   000000   000000
030557   136938   000000   151019   000000   000000
030610   136938   000000   151019   000000   000000
031087   136938   000000   151023   000000   000000
031845   140669   000000   151103   000000   000000
031460   141931   000000   151028   000000   000000
030046   142521   000000   151012   000000   000000
031513   143060   000000   151029   000000   000000
030106   143117   000000   151012   000000   000000
027382   143399   000000   150908   000000   000000
031487   143515   000000   151030   000000   000000
030807   143628   000000   151102   000000   000000
031156   143807   000000   151026   000000   000000
031864   144740   000000   151103   000000   000000
030857   145114   000000   151021   000000   000000
031834   145179   000000   151103   000000   000000
031508   145814   000000   151029   000000   000000
031842   145847   000000   151103   000000   000000
031317   145870   000000   151103   000000   000000
031714   145907   000000   151102   000000   000000